0.011575 122
4.964862 1
0.409356 1
0.149930 1
0.499806 1
0.309293 1
0.194447 1
0.101396 1
0.152788 1
0.117007 1
0.081649 1
0.114886 1
0.194861 2
0.001222 79
0.000138 90
0.000320 122
2.497079 11
0.552833 1
0.149136 1
0.164596 1
0.149008 1
0.152010 1
0.144714 1
0.269638 1
0.637009 15
0.145113 15
0.463871 2
0.000783 242
0.000136 122
1.248717 1
0.158595 1
0.136928 1
0.139980 1
0.256833 1
0.277143 1
0.141328 1
0.308845 1
0.167768 1
0.113992 1
0.195439 1
0.137538 1
0.080333 1
0.136619 1
1.939863 2
0.001047 305
0.000176 122
0.948622 1
0.254742 1
0.175546 1
0.157182 1
0.210687 1
0.133752 1
0.258005 1
0.195570 1
0.133937 1
0.245335 1
0.104763 1
0.076064 1
0.164378 1
0.113075 2
0.001009 20
0.000230 122
5.745173 1
1.163808 1
0.580023 1
0.160280 1
0.140815 1
0.206068 1
2.231805 1
0.404905 1
0.167629 1
0.140184 1
0.214704 1
0.173515 1
0.398046 4
0.540358 4
0.500024 1
1.142250 1
0.209311 1
0.158099 1
0.171221 1
0.187576 1
0.751911 1
0.465690 1
0.160154 1
0.146285 1
0.254742 2
0.001864 66
0.000134 122
2.751574 1
0.140815 1
0.081001 2
0.003925 100
0.000206 122
7.141275 1
0.478565 1
0.145784 1
0.200153 1
1.633925 1
0.601809 14
2.719333 2
0.140832 122
1.827089 1
0.134227 1
0.102536 2
0.004071 119
0.000145 122
2.110184 1
0.210270 1
0.419474 1
0.323364 5
1.168849 2
0.003101 13
0.000494 122
4.776325 6
